# Created by Octave 3.8.1, Thu Nov 26 03:38:46 2015 CET <timo@timo-P35-DS3>
# name: ans
# type: sq_string
# elements: 1
# length: 28
/home/timo/Documents/Studium


# name: ax
# type: matrix
# rows: 1
# columns: 2
 -25.21136435716815 -9.797528423463215


# name: c
# type: matrix
# rows: 1
# columns: 7
 35 38 45 62 75 84 88


# name: cint
# type: matrix
# rows: 1
# columns: 241
 33.23241590214067 33.28111553899083 33.33449770642202 33.39247811544342 33.45497247706422 33.52189650229358 33.59316590214068 33.66869638761468 33.74840366972477 33.83220345948012 33.92001146788991 34.0117434059633 34.10731498470948 34.20664191513762 34.30963990825688 34.41622467507645 34.5263119266055 34.63981737385321 34.75665672782875 34.87674569954128 35 35.12633534021407 35.25566743119266 35.38791198394495 35.52298470948012 35.66080131880734 35.80127752293578 35.94432903287462 36.08987155963302 36.23782081422019 36.38809250764526 36.54060235091743 36.69526605504587 36.85199933103976 37.01071788990826 37.17133744266055 37.33377370030581 37.49794237385321 37.66375917431193 37.83113981269113 38 38.1702554472477 38.34182186544343 38.51461496559633 38.6885504587156 38.8635440558104 39.03951146788991 39.2163684059633 39.39403058103976 39.57241370412844 39.75143348623853 39.9310056383792 40.11104587155963 40.29146989678899 40.47219342507645 40.6531321674312 40.83420183486238 41.01531813837921 41.19639678899082 41.37735349770642 41.55810397553517 41.73856393348624 41.91864908256881 42.09827513379205 42.27735779816513 42.45581278669725 42.63355581039755 42.81050258027523 42.98656880733945 43.16167020259939 43.33572247706422 43.50864134174311 43.68034250764526 43.85074168577982 44.01975458715597 44.18729692278288 44.35328440366973 44.51763274082569 44.68025764525994 44.84107482798165 45 45.1570142180598 45.31235992184845 45.46634489678899 45.61927692830445 45.77146380181787 45.92321330275229 46.07483321653075 46.22663132857628 46.37891542431193 46.53199328916072 46.6861727085457 46.84176146788991 46.99906735261638 47.15839814814815 47.32006163990826 47.48436561331974 47.65161785380564 47.82212614678899 47.99619827769283 48.1741420319402 48.35626519495413 48.54287555215766 48.73428088897384 48.93078899082569 49.13270764313626 49.34034463132858 49.55400774082569 49.77400475705063 50.00064346542644 50.23423165137615 50.4750771003228 50.72348759768943 50.97977092889909 51.24423487937479 51.51718723453958 51.79893577981651 52.08978830062861 52.39005258239892 52.70003641055046 53.02004757050629 53.35039384768943 53.69138302752293 54.04332289542983 54.40652123683316 54.78128583715596 55.16792448182127 55.56674495625212 55.97805504587156 56.40216253610262 56.83937521236833 57.29000086009174 57.75434726469589 58.23272221160381 58.72543348623853 59.23278887402311 59.75509616038056 60.29266313073394 60.84579757050629 61.41480726512063 62 62.60136152522936 63.21758944954129 63.84705934633028 64.48814678899083 65.13922735091744 65.79867660550458 66.46487012614679 67.13618348623854 67.81099225917431 68.48767201834862 69.16459833715597 69.84014678899082 70.5126929472477 71.1806123853211 71.8422806766055 72.49607339449541 73.14036611238532 73.77353440366973 74.39395384174313 75 75.59034833715596 76.16487385321101 76.72375143348624 77.26715596330276 77.79526232798165 78.30824541284403 78.80628010321101 79.28954128440367 79.75820384174312 80.21244266055047 80.65243262614679 81.07834862385322 81.49036553899083 81.88865825688073 82.27340166284404 82.64477064220183 83.00294008027524 83.34808486238532 83.68037987385321 84 84.30712012614678 84.60191513761468 84.88455991972477 85.15522935779816 85.41409833715596 85.66134174311927 85.89713446100917 86.12165137614679 86.33506737385321 86.53755733944953 86.72929615825689 86.91045871559633 87.08121989678899 87.24175458715597 87.39223767201835 87.53284403669724 87.66374856651376 87.785126146789 87.89715166284404 88 88.09384604357798 88.17886467889909 88.2552307912844 88.32311926605504 88.38270498853211 88.43416284403669 88.47766771788991 88.51339449541284 88.54151806192661 88.5622133027523 88.57565510321101 88.58201834862385 88.58147792431193 88.57420871559633 88.56038560779817 88.54018348623853 88.51377723623852 88.48134174311926 88.44305189220184 88.39908256880734 88.34960865825688 88.29480504587156 88.23484661697248 88.16990825688073 88.10016485091744 88.02579128440367 87.94696244266055 87.86385321100917 87.77663847477064 87.68549311926606 87.59059202981651 87.49211009174311 87.39022219036697 87.28510321100917 87.17692803899082 87.06587155963302 86.95210865825688 86.83581422018348 86.71716313073394 86.59633027522935


# name: h1
# type: scalar
-4.708112433223001


# name: h2
# type: scalar
-3.616371216431087


# name: herr
# type: scalar
-35.08411918204086


# name: hpip
# type: scalar
-39.80187907917337


# name: p
# type: matrix
# rows: 1
# columns: 7
 80 83 85 98 118 127 130


